cwh 10.0 35.08771929824562 120.3125 4.0201005025125625 5.833333333333333 1.7543859649122806 7.8125 0.0
cxz 23.4375 41.88034188034188 31.428571428571427 8.16326530612245 3.90625 1.7094017094017093 3.8095238095238093 0.5102040816326531
cyk 0.0 0.0 0.0 3.669724770642202 0.0 0.0 0.0 8.715596330275229
czm 32.91925465838509 26.923076923076923 0.0 22.5531914893617 7.453416149068323 15.384615384615385 15.789473684210526 2.978723404255319
gjy 35.35353535353536 63.541666666666664 89.36170212765957 30.76923076923077 7.070707070707071 7.291666666666667 7.092198581560283 1.2820512820512822
gyz 90.36144578313252 73.75886524822695 68.42105263157895 45.8128078817734 1.8072289156626506 4.25531914893617 0.7518796992481203 5.41871921182266
hct 0.0 14.074074074074074 0.0 3.115264797507788 0.9803921568627451 1.4814814814814814 0.8064516129032258 1.2461059190031152
hfy 0.0 15.503875968992247 0.0 5.194805194805195 1.7543859649122806 3.875968992248062 2.380952380952381 22.07792207792208
lmq 70.12987012987013 203.75 0.0 31.21693121693122 67.53246753246754 13.75 0.8695652173913043 1.5873015873015872
lqh 0.0 1.9704433497536946 0.0 0.0 3.1847133757961785 0.49261083743842365 0.970873786407767 1.1299435028248588
lzj 95.13513513513513 54.054054054054056 4.4692737430167595 0.0 1.6216216216216217 1.3513513513513513 1.1173184357541899 0.7751937984496124
wbt 60.689655172413794 0.0 27.027027027027028 25.77777777777778 13.793103448275861 1.7699115044247788 0.0 3.5555555555555554
wl 144.85981308411215 0.0 0.0 26.11111111111111 6.542056074766355 0.9259259259259259 0.8849557522123894 0.0
xq 0.0 0.0 0.0 0.0 0.5988023952095808 1.3513513513513513 0.0 0.0
yyw 7.608695652173913 3.4653465346534653 0.0 3.9840637450199203 15.76086956521739 8.415841584158416 18.39080459770115 4.780876494023905
zn 26.923076923076923 64.70588235294117 2.857142857142857 12.269938650306749 11.538461538461538 5.882352941176471 0.0 1.2269938650306749
